6 8 6
3 2 6 3 1 2 9 7
9 7 8 2 1 4 5 3
5 9 2 1 9 6 1 8
2 1 3 8 6 3 9 2
1 3 2 8 7 9 2 1
4 5 1 9 8 2 1 3
1 2 3 4 5 6

6 8 1
3 2 6 3 1 2 9 7 → 2 1 3 8 3 2 6 3
9 7 8 2 1 4 5 3 → 1 3 2 8 9 7 8 2
5 9 2 1 9 6 1 8 → 4 5 1 9 5 9 2 1
2 1 3 8 6 3 9 2 → 6 3 9 2 1 2 9 7
1 3 2 8 7 9 2 1 → 7 9 2 1 1 4 5 3
4 5 1 9 8 2 1 3 → 8 2 1 3 9 6 1 8
6

6 8 1
1 1 1 1 2 2 2 2
1 1 1 1 2 2 2 2
1 1 1 1 2 2 2 2
4 4 4 4 3 3 3 3
4 4 4 4 3 3 3 3
4 4 4 4 3 3 3 3
6

6 6 1
1 6 2 9 8 4 → 4 2 9 3 1 8
7 2 6 9 8 2 → 9 2 3 6 1 5
1 8 3 4 2 9 → 7 4 6 2 3 1
7 4 6 2 3 1 → 1 8 3 4 2 9
9 2 3 6 1 5 → 7 2 6 9 8 2
4 2 9 3 1 8 → 1 6 2 9 8 4
4
