20
2
0 0
0 100
1.0
4
0 0 400 400
0 100 0 100
1.0 
6
0 0 400 400 1000 2000
0 100 0 100 600 2000
0.3
8
0 155 92 400 566 1256 964 3000
0 166 1000 10 236 778 1000 3000
0.2
9
567 5 45674 24 797 29 0 0 0
345352 5464 145346 54764 5875 0 3453 4545 123
0.0005
10
798 915 797 463 895 523 959 702 235 523
126 25 402 45 841 762 982 605 616 78
0.66
20
789830 228020 3989 993839 808728 884281 592004 972746 768300 174222 188307 276928 746258 136802 322786 131030 197063 598492 972762 254633 
414415 401911 926270 719887 471232 219221 687537 910809 589163 116393 699977 115165 932423 223757 888645 521763 824362 3595 132710 375111 
1.0
30
882 51 885 37 204 734 151 647 512 938 28 172 876 721 728 812 313 506 65 618 314 51 415 762 43 262 332 361 675 838 
913 355 778 956 452 662 58 456 522 108 570 46 868 208 192 80 343 243 189 970 145 659 623 427 316 54 641 729 936 991 
0.43
45
66185 35373 33443 16131 22428 38257 31469 43733 34398 39139 25797 53802 24594 38976 63492 20099 57783 40473 39407 61152 25452 55245 50762 27136 14265 18003 54130 46841 62927 1346 17652 59337 59283 5237 6285 56635 35703 4936 29942 22060 13043 32001 53422 48119 55831 
15156 52926 61341 3469 59173 53038 2330 31211 22201 55257 58271 41457 25299 64086 50901 65457 32624 47955 32753 19266 31113 23094 13290 64011 2913 62815 41134 20534 47446 45967 54846 44373 29994 61523 27735 47053 59623 1838 27008 49573 39284 1283 63463 60215 60970 
0.1765
50
6 1 0 3 4 8 5 6 6 0 6 7 2 7 3 5 8 6 6 4 9 5 2 8 7 5 9 1 9 1 6 7 0 9 2 5 1 7 1 3 1 2 0 5 7 4 0 4 2 0 
4 8 1 1 3 0 5 7 3 9 0 2 7 4 8 9 6 9 6 4 0 7 4 9 3 0 7 1 4 3 5 1 7 5 2 1 7 8 4 4 5 8 8 4 6 2 2 1 9 0 
0.5675
50
186203 139181 750119 633994 569058 52031 568526 997843 876583 724806 293513 906574 447102 722796 8104 185257 560839 832050 882472 596941 816875 602743 620719 676700 476636 46514 943244 228979 154518 841269 994233 225959 528354 418090 581658 483082 245007 823895 543742 896036 730297 683419 435738 724795 658052 93616 314578 194510 720736 678249 
394586 331595 431782 565005 372320 708307 998511 752718 666199 796279 472284 713665 68926 55150 908131 80894 968979 939905 378973 91726 653910 602316 880449 281581 290954 584251 964269 853066 938868 735374 94365 935621 292953 74004 755185 437424 862532 760435 629803 588687 227965 572318 414830 306647 726482 267037 224768 637169 601425 712520 
0.54564
100
910766 266961 674544 914519 197289 428412 483924 697662 638637 232601 491536 996142 66927 85776 785072 212396 68833 871698 447129 263972 267436 891481 632458 813935 902132 686315 917404 94926 909529 816022 717508 96621 971442 329011 654477 198883 127185 518436 95905 511662 821763 542999 951743 835193 212751 108226 915331 908504 143732 898023 769698 293448 409325 802959 415660 466673 269678 956432 792907 495909 681253 678857 545664 634528 459259 937762 815531 417223 170835 178191 836353 431467 892744 61899 429461 698629 730928 90591 100497 602681 160924 864602 572539 214229 852567 472407 176755 790224 526053 119868 136369 937293 86403 322807 742345 434968 33643 626753 318568 926117 
687964 808168 888364 29661 137158 278987 535784 834174 433435 329432 396165 720105 951131 766582 45875 397724 697207 459150 97270 224635 754004 100107 280930 177543 24585 35672 789599 839015 755228 399460 888550 955875 994056 390304 406017 82147 862265 879422 722510 664244 736717 124596 337789 776450 221268 839223 611533 741151 609745 866624 572818 586938 376311 237834 545457 669224 886701 960721 49314 129183 803274 480723 96045 786549 976344 857490 339821 529189 634708 966288 936015 43465 225516 449426 331347 999776 903167 14237 270090 352073 624992 631868 980374 574662 802643 178551 823084 941562 699342 403484 419476 979627 37433 760057 417383 977600 59758 782559 112272 530690 
0.00012
150
128 185 102 174 155 26 149 121 74 11 136 159 111 83 67 34 50 35 118 40 144 91 2 182 21 28 35 31 93 6 145 170 83 21 173 34 178 33 149 119 105 14 1 97 77 91 129 192 107 160 182 138 21 153 133 100 10 86 54 76 171 1 198 169 85 93 3 86 82 28 32 119 101 50 41 104 158 72 33 48 115 188 102 184 18 190 161 42 46 196 128 94 196 22 155 45 19 181 13 160 50 154 11 87 84 104 72 98 87 76 197 120 109 98 101 183 198 61 66 7 143 81 168 34 18 130 79 79 13 97 11 27 156 50 177 131 165 55 84 24 36 57 192 135 79 89 85 132 61 46 
20 157 97 157 96 21 106 96 106 15 77 186 178 147 82 24 107 167 7 92 27 68 192 191 76 102 72 141 187 153 68 133 151 161 132 20 11 155 23 33 110 71 196 180 7 126 55 21 113 160 113 55 169 111 102 67 12 37 17 11 140 97 73 195 145 152 70 23 59 165 184 56 11 93 191 82 185 158 173 152 85 196 113 53 51 76 101 191 89 34 141 114 44 40 100 109 76 154 198 7 48 152 79 17 33 59 36 163 144 118 14 134 114 135 108 56 20 14 153 109 93 159 195 115 52 174 195 150 164 164 136 186 66 12 31 115 18 109 97 154 23 82 86 169 39 27 31 172 22 150 
1.0
180
42762 16485 53526 94710 55009 82064 31960 78624 94023 95089 21279 65604 98659 52336 10768 98644 89670 18933 3543 1305 91338 7198 62380 32951 91509 59076 43026 67662 18836 16060 12597 98036 45954 67121 37449 64733 86528 4204 96751 64374 12636 44014 41138 60355 50124 77362 19395 45222 42578 23278 48258 27289 65143 52464 52630 61551 10865 60610 9425 92217 86367 96488 22255 77437 34377 87678 81077 80766 77954 94044 56499 76825 47112 47508 19428 74051 74592 49072 82667 32301 96060 54518 85366 22882 98070 17701 73820 42117 24820 31511 56064 87638 76900 21375 23597 2763 71742 17290 11257 30137 13287 24383 89348 42090 80298 75521 17304 65445 70558 88745 27272 76811 85253 5742 87986 72597 54600 28638 48735 77561 72029 78020 64992 1412 16803 86434 30576 79871 85730 55990 93558 45132 90126 59766 17697 17000 27139 27573 39692 12616 53383 14590 57977 83741 53996 93973 71928 5970 36941 98875 49631 38282 84941 39688 75728 99301 74045 70192 84760 71033 95157 4897 61547 82650 38328 46497 39979 9460 81298 85169 33088 6733 27994 27630 92511 78726 90098 12236 51301 52600 
94690 33859 45388 96261 74592 88186 91486 32539 7253 68509 46534 36519 70343 88445 88707 99483 21886 41086 80951 15805 64102 36821 32100 70497 19530 92072 92978 46609 44442 97297 84423 53925 40101 2139 5421 55819 64575 79043 99183 60639 95740 71512 6043 26451 57554 45402 72225 4392 87675 46270 86545 38515 54256 91944 13729 54296 10062 44430 54917 29266 41204 73052 18996 40425 78723 51466 87817 50809 13372 76519 52703 66193 95493 5713 25972 48753 68132 34746 5190 13738 58753 10308 48088 1826 4616 19493 4333 88717 21732 23236 2699 87988 30949 10361 54458 34449 5691 98288 60802 56880 52727 76710 58480 1776 38448 59658 26864 97727 56220 43389 34676 48257 3666 35474 7243 79082 63118 16142 68234 72894 29517 27656 6598 36631 14028 29833 35704 76671 76684 68877 87511 45521 70417 88128 13888 54780 30750 290 89361 80767 26490 99587 16649 58318 62349 64518 21866 20139 64419 69698 21783 38541 25895 87515 78069 77052 73641 79277 941 65874 12760 3841 744 86715 40296 66934 32689 69781 57069 37017 48567 93136 81917 18668 88071 91375 51826 55234 56085 20293 
0.003
200
54534 69843 25785 69362 21986 36177 52083 9467 10057 10944 28713 69054 21173 57453 39946 9476 10841 95147 89857 31230 25926 45818 90160 52711 53570 8738 94804 85478 53104 13655 80838 85738 34828 37172 30870 10638 60014 32162 57487 91508 31140 76208 94040 30028 98329 5081 63087 8364 18931 29347 31661 39318 32654 57244 41798 98071 59587 98877 52904 82787 29925 40104 87896 8092 55104 44300 64666 458 74779 34909 28936 95810 57652 4446 41367 91105 68328 84920 89271 3632 94857 69954 58929 20863 5416 60921 17608 52363 21483 58694 30651 78714 3829 47709 11807 76699 33826 88058 76838 88776 70153 97635 53852 91909 64762 56746 64326 84128 24512 19082 77219 86320 2974 4519 20397 61209 41491 80208 23254 41572 67191 67870 78925 28648 15357 8756 97784 35302 66097 33118 28985 80582 21017 75476 28300 13468 51126 37270 72484 28103 77249 51087 9331 48910 36528 31027 10432 29923 89008 47906 90768 2593 31978 28837 22591 32304 66208 26958 38566 85597 73102 20410 27093 31972 8683 10927 71959 73192 51495 90304 36018 30263 56301 19942 37126 7112 7904 45478 47947 19550 25055 18031 52565 91780 62786 24762 98801 77456 17116 5162 48071 86306 4217 64683 75831 49827 16543 57493 63070 83240 
3530 90671 31719 46550 34439 47376 82615 36414 79766 87067 63753 49658 81259 26892 54434 25855 80589 79936 81785 39904 91251 32724 60280 70198 79816 37673 74744 11482 83271 22659 35784 49481 28638 95685 63335 81215 50127 69109 2277 9084 6538 32414 13542 17921 50996 35561 17374 96979 98787 29218 13205 56663 62783 68025 10051 53076 41154 39421 32277 99092 53912 5698 3430 14402 5600 89852 85318 15468 6152 89697 97526 78338 64116 10955 20297 87637 91671 48595 53253 25688 42551 98966 8543 5058 30605 36180 24450 20330 59746 77003 58344 9481 36659 54560 59422 32827 44014 2261 65092 40285 12178 45267 20330 91856 21970 44354 27700 68852 11218 12620 54807 72781 53832 72861 4249 50401 75772 61669 9972 65272 68359 55539 60178 7130 96055 31675 59378 74900 56777 79793 76641 58195 71405 59948 98786 5958 93638 71491 77670 55967 22375 690 2996 56850 246 18390 1954 20533 72395 61068 39577 766 27730 97718 88884 84360 62500 47989 8129 88333 29778 53231 93662 2956 6458 69898 44636 74212 65967 83246 77535 50679 89748 23239 81244 93320 61985 90305 80730 79196 30748 53481 12017 97756 23969 64978 11245 3377 49371 76653 27659 87366 26023 61711 4569 99338 68759 23918 29818 21419 
0.86
300
780749 6668018 5128419 1112067 6819952 7270984 5389488 7718645 8264884 3760940 9390558 5016275 8316040 4770304 7827908 8323345 1785278 5956569 1254462 7664245 5875530 7015996 4530664 5687252 5410177 702050 8158433 4739033 6097883 3366260 7028490 3541438 5230386 1275726 8470596 8697745 2007296 8004671 9661365 2851440 8093476 4569927 5690755 2247500 9966877 9829848 8883478 234025 3502157 8471446 1105242 8190428 2859830 4501142 947194 5890379 1943616 4563106 4128038 4990128 6992113 5119346 8347341 4137942 7925298 8217459 6366947 4871642 1224337 7147012 8911388 1722986 20089 2835252 4513838 65545 9529210 5403653 4436627 345545 7094791 4237739 7003076 7750030 4322227 2220621 8887294 7484113 4446579 8223683 5926144 5559770 2987358 3627093 1696459 791685 7665007 5943810 2692192 1826430 3654593 3812022 5287173 3826948 1947729 1394450 7762432 6423081 6262080 5828135 8158041 7035919 684046 1941306 1657244 2439340 9159391 5302658 6847380 8136839 7227193 7531365 3952913 3334008 568644 3633726 8888738 9630827 7803784 3049497 1012443 7148317 6516274 6342517 1755280 1071325 2765262 3219584 5490968 1070284 3522958 6671070 8549514 5367325 8264065 3673698 2298242 9093333 3661020 4033875 1301597 7848075 4006836 742312 2440824 63144 9172161 5991500 9544948 1106088 3105437 2756058 3429877 2532311 447618 4645217 5734621 8087957 8452623 6506656 1549845 4746002 5723651 9993547 1696965 387857 156032 5464772 3056023 2567208 5199817 4629858 3803383 7693438 5042563 7078829 6050645 119180 6707447 6390815 2413024 1727964 3730638 2010724 6494540 6982861 4148691 6945818 1986317 4380236 5122356 9086865 8551449 5305243 7320641 6548236 1025194 7173389 2718379 9718910 9176441 2274375 5439558 1909325 9794435 342401 3571399 2027026 5920072 26051 4336005 1026647 8460166 27688 800827 2227286 1405314 9336349 5959492 3284160 7407166 8309026 1513822 2225139 2419651 5750279 8545511 4848578 3727321 5354800 26018 4456753 3272138 8177105 7766899 1290166 9317282 2545075 9256350 7185273 4903409 7311724 5800715 6554132 5737734 7068970 6578309 2212667 9359223 6064482 6554785 4734888 1374387 651445 1020052 8895297 2799680 4973438 5876284 6771494 6555828 4920092 3376819 7585729 9647869 9581014 5688076 298121 7639206 9547678 7852183 4676283 1460137 3429929 9431414 6345985 1118084 3902794 7122168 3779975 390607 8067719 7221844 8689832 6498731 6542781 8520715 7675786 9933705 2748396 
1242441 5001228 2335374 1550379 4957541 8406460 9216813 7349143 8673536 602404 3196040 932934 5930236 6696036 3404598 8853909 6896883 6727144 9930278 4591949 5079673 4480802 7513057 1189214 699612 5045076 2204618 4849189 7919717 2860997 4015839 5409832 5655063 254984 4250999 4235350 3278188 3491130 6137987 1499849 6764189 6454339 1545039 8941701 3422040 8920337 5907647 5393976 803081 4338018 7385620 6953722 9395476 3725048 7869351 8924940 2410006 2561252 8112298 8966810 8225705 1750077 6463852 6079355 8169118 890984 2240915 7055085 4052162 4357711 2408289 7154395 2139035 9509932 766833 3131416 8412202 6291773 7372536 2841379 1152297 6166414 7723398 5584483 7931852 5412532 8216644 8930154 4690177 9145230 9666742 199860 8658097 4004100 1703160 4362598 8557311 3880010 6720130 7361937 3728773 9331867 4494822 7594222 6000539 5251199 2754318 5254689 7619986 2311687 5544192 7537783 7048947 6739470 5915420 94250 9729090 8161143 9689177 2626201 5650622 2547571 3465741 1689618 9373088 9185466 2975780 8402954 4092249 7536846 3439974 4073569 3669590 9957437 5041843 592033 927677 9669725 627783 856381 4318255 8654864 374008 7862868 218246 1226111 8355957 6335340 615573 876897 7055622 2729401 2183661 4775859 4610384 525525 1306132 1451518 9213712 5762567 2036941 1335317 490845 631935 8730580 3839446 99432 460693 5549729 7784806 8117180 3321231 6647970 1617527 8268288 19033 7026818 5043844 2107185 6571340 6483559 7905041 5412459 7477225 4494381 5175661 780959 1584541 1827245 5728881 6562779 3900669 8940794 2594239 7339399 4833160 7747872 4358021 314276 9751018 6287206 8901690 3364364 7243317 5581578 534366 8436535 817831 7570441 5238331 1080946 6451560 5952214 855848 8715559 9601482 9822623 447810 3249177 5528841 4750861 3275058 9293734 39179 9257474 7648748 3122181 5528351 5927130 7384043 4351112 2722367 800172 3838840 2112601 6215503 2012040 5452002 5914429 4624733 6534585 1250245 9091414 3823713 9966978 2595653 2797146 9329020 8264802 3987537 7277663 8772538 7216594 4110946 2551569 7964626 3546243 5983669 105449 4825333 1043827 2759442 2982199 3260203 6322279 8581300 6550903 5620757 2010766 1745010 7934362 7387782 4525950 3215400 8615399 4241264 5205436 2213235 6940851 8372521 1820033 4292240 384720 3506332 8775201 7139259 1635569 5798941 8808013 2054908 2341490 2096534 7148251 8211526 4077419 274366 4434228 907491 926818 7182277 
0.001
500
575171 560578 713512 748083 657796 829443 382584 68124 646921 418427 878051 800824 832497 652595 227217 609309 218552 675552 232610 8684 428595 108575 350767 228881 399635 442169 173134 849727 297823 204446 206732 651125 576380 2987 848306 116029 56038 109286 785026 332393 470710 399230 986680 146071 368667 760973 646475 497068 296163 841240 396459 553114 588913 860939 332098 896859 359877 409790 987125 254517 373369 885365 311394 210229 644032 400921 399713 372790 312743 782657 399749 706137 752150 997870 738650 267724 551693 80328 714534 569093 142633 530276 619305 692102 635166 845630 292767 480472 966076 229697 576698 614289 453675 742908 698090 496784 334065 221803 496983 318141 593768 14070 965410 627084 594186 765866 440746 418168 446311 14147 501826 408394 246187 158308 392381 305745 87963 33691 550373 459624 168662 242079 530044 693557 586261 618259 511619 832678 82092 171010 128753 97651 184265 760482 85945 817633 888370 818387 531079 927739 280265 276511 593473 984536 678345 704377 785095 243674 14791 157120 536052 252970 567347 285947 184349 695615 631702 626971 591310 448342 473812 578558 411090 538808 559849 378728 557546 132601 415725 727817 226642 47732 91218 39100 344833 106386 508898 340291 890342 805762 762115 558990 429549 210239 238324 253619 934266 413647 473359 646772 936555 465600 771847 9534 275480 710891 524905 620198 311828 761523 334876 837291 910954 795140 48355 112633 7970 229398 124503 218338 722491 544680 754607 881764 665200 540871 366969 614247 927670 89223 98016 127230 108665 947654 542438 908963 962340 584685 574632 45500 983 850928 475679 928794 588848 537483 161243 802999 827141 650180 418183 842485 822758 37486 616234 626531 276125 15457 751458 259193 566895 337924 31080 639512 372825 270918 858704 117580 352725 883230 677063 211916 617365 415760 85525 827574 564996 513960 539483 383573 907082 506558 817044 146973 415366 979057 129557 99498 207443 767022 726350 251014 462661 266025 159048 42338 358123 884128 734566 545946 367180 934301 475046 378931 918572 219826 381151 263006 607814 711164 294338 242228 501264 328417 213595 511225 336508 728212 549583 262107 336883 636174 924381 443377 258906 72532 422879 289918 490382 422005 69832 46509 457513 746635 810084 470228 239804 10807 585821 182131 337109 675110 442098 997364 654712 197840 317055 743786 834215 12149 403001 837587 111580 746912 909169 971864 714059 522150 382286 274314 844963 140773 760533 411300 747467 669639 633442 971981 177127 560766 641198 999508 744273 96071 711049 484852 299490 590825 293790 740944 820904 345205 994803 517365 826863 175365 776936 99356 882171 740094 199989 989670 870473 937168 483950 822304 848083 727794 788160 669375 657994 159336 84467 38115 739996 846079 153959 583189 573933 311949 311385 696138 447775 475123 498397 744031 390412 620252 432930 481372 419656 459581 915123 534644 983393 427669 550770 238145 642081 407724 211037 803081 882696 945109 952971 521021 416276 854637 115117 491318 143610 979803 535375 114873 33771 961872 236758 143218 990034 976966 484032 753273 410131 525763 169321 567505 66315 192980 915586 69926 971860 446996 423770 63948 620351 173348 919511 884933 950425 920754 682747 262905 393193 383348 833377 216892 898157 45612 448958 179213 50594 717155 322402 53779 609211 885039 803703 534048 738982 729903 672766 760688 100301 715851 476758 458600 441232 191094 487863 931929 510796 748718 365168 793275 940185 578360 62702 176564 96709 254758 
307302 609523 39231 145808 136269 133361 512458 695071 186026 660301 342733 290849 619982 780435 106745 360814 724185 248116 306798 799775 254717 925121 616706 647949 291137 915182 967802 585045 392763 370576 515407 307158 895060 949471 227627 248368 84872 406260 920809 435462 342627 156556 237463 11069 589700 154306 773942 625210 626077 188440 36152 575911 18800 554222 288641 269167 993427 195337 527847 103741 8365 579789 160370 771328 152374 287555 637723 744746 336442 571156 324688 211691 289110 798922 890606 878458 471481 246741 43781 381580 643492 162500 960344 917082 908970 987080 75418 283359 30896 582772 823793 280664 540205 82559 706229 752961 375787 926079 63793 754974 422851 926191 694561 786159 741989 598697 56563 804474 749837 68845 384966 27332 862734 765464 35372 956568 964555 278125 526699 266750 815544 616399 89528 218500 11677 841924 218362 819897 70482 161587 512205 606956 707716 32358 703803 409393 298670 585353 618116 624347 20960 163880 444887 262978 42236 479924 637334 216255 444595 419454 29270 404395 309003 920762 358747 909731 798236 685821 440352 814470 255053 321663 576973 735796 703643 248154 923966 311888 152723 708232 307074 181439 302227 843304 557273 383463 771020 762616 889781 712496 678658 696476 757881 933830 140553 477781 686461 141972 692490 847755 802503 31241 153532 319812 137170 323223 293098 553385 662026 66862 327219 896583 524750 217093 114500 293707 767917 211473 177952 420293 763881 194508 75992 45285 176886 394223 792275 253057 790459 405047 101831 509197 366671 716579 758333 950432 572413 971443 173008 694837 446528 693098 648174 219431 804423 680461 49813 907507 535089 614242 315671 889209 213010 704625 620054 601083 281964 713734 40647 176732 80054 185324 371699 114786 994840 890098 198705 603765 136684 600746 817453 850013 672062 308580 105252 850950 889997 974647 595493 648063 46151 211384 128016 967286 47440 911361 750298 313725 745467 298603 720007 60680 6670 32851 208686 205612 519426 618776 176313 433505 882945 832474 311265 63681 696422 556925 246901 292294 456640 426595 960020 220303 176142 117173 190253 770011 745347 444187 565830 754315 998083 378686 585842 321188 448868 597516 843737 927178 751790 580212 493747 748166 876891 210213 956428 555329 325015 453779 250177 660550 898560 340466 638978 112259 997158 971960 254798 655368 102028 517471 481721 472581 83300 772960 238312 637968 190295 987064 582610 571804 845306 562214 748289 469571 830682 259178 847503 446589 166193 71432 410537 717798 373229 209346 15439 56571 60527 328161 831377 601437 880841 490733 109075 94348 964543 591343 694665 484076 111943 512374 292667 991939 45704 349646 184002 749688 574878 514634 252552 875925 373844 610682 666060 320134 232871 928693 635035 264792 582601 972560 474583 742330 589788 234405 234932 871678 219570 643917 701749 912280 928275 336357 211507 237213 828663 416780 545558 621893 433991 774051 479449 918826 679136 376331 280009 737606 941327 913386 97222 212472 83221 119526 622209 520319 390628 948263 927804 522173 24031 884569 435788 441268 88606 928359 626522 774988 424679 588673 188509 974091 956597 416406 965921 927962 423989 74522 976066 328710 698308 954881 555825 66237 698865 409729 140973 479948 748096 301716 775755 102695 71333 241907 105775 100193 320453 487579 490768 385582 149432 926283 256695 909096 516361 428868 338623 776967 883699 562759 558934 667559 516325 80090 319418 243397 111999 877891 873981 711042 466387 477706 
0.0444
600
672 208 337 460 463 172 499 85 18 551 37 82 668 386 30 610 335 443 400 656 555 614 244 260 261 228 62 302 404 246 572 202 56 563 562 416 14 693 685 6 464 184 107 361 38 675 327 627 567 388 47 659 232 20 48 442 592 519 304 380 381 244 420 249 400 87 54 88 677 288 560 594 19 674 2 615 473 693 515 567 23 126 428 326 269 115 75 468 559 580 228 97 542 558 7 374 316 71 72 534 376 276 309 413 270 573 479 16 505 588 513 406 671 678 155 640 526 295 423 417 142 474 583 74 440 450 380 551 104 297 12 143 699 389 197 524 157 409 507 444 564 532 569 584 243 550 40 420 79 265 218 645 473 261 527 258 257 27 611 159 252 33 574 412 438 663 494 89 348 419 101 627 55 317 123 582 203 32 119 525 472 227 247 592 668 684 534 64 354 544 45 494 36 77 671 135 186 538 262 150 75 505 124 29 67 116 60 30 303 499 520 384 62 447 41 519 511 490 639 474 24 515 520 100 52 674 669 626 241 522 548 6 583 209 454 67 518 487 186 14 511 535 512 578 84 24 594 236 314 440 558 411 366 283 114 517 589 497 137 376 233 119 48 609 30 478 646 188 58 172 223 605 148 216 449 607 229 517 113 69 390 103 175 12 351 65 65 533 125 568 648 137 357 26 330 231 182 364 581 595 74 70 553 687 41 46 689 628 195 600 559 664 318 455 678 123 141 339 603 457 294 129 401 521 617 165 171 580 626 575 505 202 70 257 338 620 641 325 475 60 325 61 582 75 197 377 468 353 267 118 3 491 43 239 664 460 589 470 245 385 485 491 599 492 354 297 289 588 546 558 215 494 131 130 376 189 601 92 323 291 126 611 321 33 124 510 505 514 197 452 494 336 21 392 152 689 138 170 6 143 287 143 445 576 78 656 347 598 37 236 181 184 432 369 441 626 41 686 264 68 133 639 596 159 562 650 91 602 547 172 585 313 136 114 589 537 604 660 293 146 486 16 389 379 694 183 483 282 698 403 317 317 670 31 305 373 486 686 287 309 599 215 23 635 414 494 436 502 303 541 493 674 586 619 599 682 589 291 468 409 631 541 365 476 114 412 636 625 318 274 218 528 692 596 646 88 675 70 676 45 161 186 107 544 338 670 186 568 156 505 202 55 133 413 370 603 275 79 441 649 95 588 483 485 300 121 304 291 188 620 167 75 356 373 507 202 635 542 293 262 458 443 275 416 146 437 78 677 152 234 324 313 635 223 254 158 441 364 511 370 242 60 531 369 187 553 585 642 672 27 301 234 449 686 405 101 684 351 575 698 533 227 21 287 532 667 212 110 598 152 669 528 8 548 394 521 182 607 313 130 
90 438 564 460 539 261 178 577 522 317 538 516 281 676 294 529 599 258 161 306 644 642 364 347 508 506 378 97 188 440 134 620 190 221 578 342 319 400 163 575 445 57 649 241 96 108 581 232 250 645 507 85 109 646 119 135 125 538 613 282 37 402 587 565 556 624 223 341 601 341 268 355 513 528 319 95 442 143 108 495 167 362 452 484 588 33 494 537 177 236 4 137 199 626 400 667 280 92 469 173 485 109 693 146 499 250 658 218 497 352 599 195 70 106 697 376 256 666 636 367 393 129 514 204 223 693 340 333 61 484 10 625 650 636 345 607 399 506 363 569 13 416 613 104 130 685 166 192 2 570 646 406 120 308 259 107 688 570 360 208 224 602 394 525 533 545 653 488 664 200 453 645 504 691 358 329 375 502 418 373 378 76 568 85 268 82 413 235 31 286 592 267 140 90 138 415 258 340 468 42 403 522 618 482 651 197 668 683 559 170 394 371 323 309 121 393 502 499 241 296 688 677 159 207 643 262 230 533 200 211 199 624 488 665 467 295 133 61 245 661 520 373 202 217 250 673 266 546 81 270 134 74 486 427 593 600 114 336 330 31 591 60 290 475 674 20 463 69 584 427 165 468 342 590 45 668 631 395 270 207 510 532 214 252 114 450 128 466 116 168 333 427 5 371 72 91 46 477 687 307 457 232 289 584 339 50 620 588 621 292 538 529 461 328 642 599 188 345 686 452 667 555 55 383 236 310 34 391 603 385 603 510 415 184 641 308 368 120 534 60 317 492 606 268 689 259 1 74 639 562 639 574 287 285 174 699 268 178 535 652 174 283 298 94 63 607 301 53 416 285 677 465 642 326 645 35 39 385 332 630 416 334 537 582 62 169 584 664 171 634 652 553 643 432 665 290 161 356 656 419 77 673 494 150 49 271 236 134 342 145 635 638 598 504 437 570 346 568 353 14 642 168 377 43 329 324 27 547 432 584 18 301 308 391 156 488 326 118 495 599 431 448 333 380 614 494 698 358 311 506 22 168 384 149 574 306 437 638 637 504 457 78 301 0 492 40 101 375 360 140 365 44 474 502 99 141 428 353 446 395 634 506 79 363 467 128 110 597 67 671 387 307 51 503 154 196 114 216 569 262 228 189 283 41 354 586 645 672 299 304 390 205 255 445 20 699 592 614 485 141 182 123 324 217 388 415 384 688 193 110 134 174 694 480 584 584 340 513 122 15 676 612 61 312 389 303 520 567 6 343 149 338 403 253 581 5 645 577 145 240 43 627 49 467 161 222 346 87 392 163 387 339 539 112 304 215 269 343 351 316 562 678 539 343 97 86 82 521 305 246 486 358 25 562 613 132 246 574 522 638 
0.522
700
281215 798022 88663 674075 671167 474120 859309 926172 924718 952493 752240 456242 279850 898430 69096 885082 497846 820989 593961 892970 801477 493095 631118 445077 836526 104497 987391 283622 967478 230028 567213 651649 313804 565090 446931 116519 843589 398232 610612 11888 374950 898508 983585 205072 854360 859735 604658 956116 808755 256586 644169 199076 439413 38770 918996 600192 347338 580309 696330 14917 732419 662131 359402 326375 973408 611656 988929 337718 688201 714374 761698 676571 439566 297501 528493 375961 947372 400309 749386 857294 400904 32048 157549 672241 285619 170 907409 150483 799782 127482 313599 376160 227909 439152 240646 369437 809374 609943 489474 361321 187624 943794 715158 755581 677062 334592 187955 79534 296132 701561 205201 190248 104790 880080 438899 916274 344733 605233 353125 636974 922211 630978 380863 558423 615515 485539 276192 561154 46052 799343 946229 396511 575557 263035 114545 206392 706992 182996 697428 789166 305664 138690 318183 347009 613884 891849 758588 895302 379924 218020 637935 752368 556448 523210 468521 61833 809062 881003 911065 626167 981971 268658 702843 18042 989374 328770 864659 900074 50601 920505 840496 900538 724609 583154 252907 164666 995675 231228 71207 389198 775479 791782 162448 662649 355583 943221 884894 850647 295046 242153 870737 901852 96394 814910 279476 413399 928243 908134 120859 87475 940500 996753 498854 776562 708327 347110 4990 189298 491859 850761 186901 352618 623143 291029 930920 748651 672797 734049 354430 608160 922074 942333 900007 41168 739370 934707 721407 821017 163910 478088 600234 932532 484879 309754 442391 81462 334673 613249 833600 137866 836611 562191 650086 563193 875588 435474 72406 251236 989 958191 148584 313478 44866 136966 889148 906548 947410 490290 687741 519262 907925 597576 312736 785677 219003 447700 637347 534821 892577 121057 597584 387618 831308 945199 652601 820508 207277 216764 716475 820100 636125 538686 989501 591078 571872 241573 289199 981863 326308 893659 58189 6471 980608 732357 581468 426269 462199 23680 843625 52895 106932 920230 348047 147097 953677 225161 203311 270706 811651 482356 256182 351725 276925 47 308252 611171 818386 280697 45345 40843 739453 63501 730897 248115 785512 434400 31998 77829 709284 110238 664778 179077 201708 315122 439004 850896 608936 374652 201319 896348 167333 743130 514664 247292 560863 14690 537510 697435 779640 558691 786738 300861 383424 834793 3750 598659 187501 875832 419880 843237 147618 414030 821733 548791 866665 778211 443544 359910 480762 282089 961858 99194 929972 466381 749937 90580 823905 238518 46203 420143 823860 266819 436289 898592 185419 173903 663087 790550 712686 802862 329080 658012 339408 903151 460956 545429 160395 701785 875491 261437 106022 562352 31328 833772 538384 592558 465200 131347 894691 180940 174011 11134 190819 928568 175023 720210 202431 879070 557770 146958 717388 262498 224974 303819 513295 756321 817164 958014 571697 53237 461852 811250 451210 499952 873248 128209 397272 86429 835334 639642 628806 782275 489605 198761 844968 232227 375452 102515 211451 504631 946071 796233 846247 363699 927308 103570 439422 699334 616152 960723 762556 417623 606308 361064 163590 150537 523235 796105 94381 326457 193619 712776 477482 992893 17913 848335 813921 734372 725991 535780 366816 221562 844280 110119 877598 745922 921360 356624 528254 245116 28381 512371 404043 845726 338074 205949 471228 444125 500425 764598 939503 234275 585590 887806 730990 674199 240184 538897 783407 434266 422513 8581 597645 196102 115403 209097 21522 598447 89082 95846 931119 321059 846334 45055 79359 638443 615327 204562 241353 93834 655217 626165 407101 20346 710160 690332 829172 370548 579426 10895 628529 186470 99994 968822 425252 577660 526896 109711 990691 838041 729387 362739 864496 636444 696281 670870 959672 969374 983187 786630 942352 957296 404284 61353 449848 55263 149888 890689 895705 501106 174999 419369 881352 664232 249537 992150 200514 70203 679304 4440 974832 386465 580163 706328 1442 149703 441103 63322 416277 476438 651670 962170 156527 687217 320137 230512 617663 775474 439463 474446 757759 324529 626230 588862 840468 899455 342790 935750 81354 276452 256755 216261 67866 671718 64033 716469 537701 694020 101184 922217 438263 44532 313735 38093 185799 801898 591610 454699 178483 943570 717669 542306 254790 905363 959776 524782 394868 471563 56203 864933 77338 494743 632017 573174 435136 549258 568550 231849 775896 637362 129867 145955 19198 655320 579526 303841 273591 626686 387948 800185 528180 230432 504985 22430 32718 885941 664116 312027 940745 920110 686318 916052 318035 288691 22337 751754 998723 610474 466482 680533 547932 798961 494416 489193 800265 493473 52597 555219 83168 622667 995714 82939 955041 184636 515620 410274 561846 129210 915091 15331 
641492 611649 198955 340740 662397 794350 701769 986589 843695 992236 182003 57672 32545 256996 233931 423939 284782 489842 807923 196440 921745 354149 637711 323880 867751 862525 48902 921251 657008 176300 729025 948877 215758 222357 990698 880827 287621 642960 882094 484051 686905 551843 129211 649743 966258 149257 284162 689594 492186 332783 945461 711024 603261 910833 76233 858018 474311 680481 315829 172368 532489 391360 267121 56908 950197 319427 858296 606333 863517 642766 29317 130137 145591 600572 349849 497769 745691 357268 973107 859912 333762 958293 90326 594148 633609 13803 167494 439035 399467 559670 318602 736735 717578 176138 926059 848498 263719 893545 971187 111978 644773 870858 639215 998925 116041 669909 761773 537206 716988 877028 674430 652686 984391 355396 457012 298323 152021 891889 171493 563475 207348 842781 898470 313649 623827 819176 143375 755551 269893 165481 492861 145058 534205 468003 418891 23121 792848 235152 847895 627094 143413 879642 481411 764842 206151 287900 625201 56924 845505 501285 194245 688331 794496 857140 134503 457639 908549 427580 528894 496179 165296 700449 155317 854277 968965 23673 675769 91844 889450 174860 670392 725737 760230 957780 780963 511550 590372 327869 935212 601185 41581 280613 12232 346049 366001 293277 375022 91487 46910 608933 455958 214670 521478 295283 377403 876788 481438 86700 290073 215558 467961 715689 468398 486351 553328 759412 476540 336233 834108 694599 688965 68225 868154 195155 513037 646807 896998 101558 205340 53691 996960 540483 654393 910609 382441 252862 450287 812493 745510 808477 427403 463799 966940 150023 446747 658216 55921 943384 820336 256907 756721 448155 221852 557980 604422 233742 294325 168044 432383 547169 155600 451418 480841 327478 59910 837018 363832 560162 593841 987506 911999 711786 638575 773816 838451 940871 566430 907797 869003 554978 894366 183428 318178 135576 812818 783058 582579 227510 780894 231264 257436 430333 959401 433436 875291 912287 665244 704011 8595 420863 302178 317442 913096 75829 928485 597415 735902 763079 75159 994420 699869 788721 249894 40244 959215 726237 112517 785732 862304 23211 598185 17043 455709 915818 552521 768545 300085 141852 595037 786051 46234 658870 592800 714589 539616 512284 48718 98598 441981 382761 72358 333223 689799 589413 999528 825467 263352 934476 213463 427728 259821 109197 463863 100005 886882 396872 7951 876681 766711 385935 215144 932834 555694 960037 192077 242083 3625 510401 791881 476819 765616 374923 297899 945357 645353 575006 812932 540858 71582 511236 336358 332696 345978 79613 786791 789302 388363 681015 341852 181877 361473 928150 949342 869320 999149 148333 558919 262900 822915 787587 124149 873744 793496 777423 955270 213702 656931 26620 267098 992720 918911 308517 740180 117819 249831 904089 816792 954470 560377 563096 125006 368835 881267 776979 163165 464789 94009 587631 197616 819504 510988 641730 672372 20092 496147 615828 693079 640306 522838 4191 2122 398300 923581 214735 535872 594457 300437 682819 534508 107734 225738 236553 161414 994069 144046 864037 755142 356457 653936 166986 521447 622776 785125 527262 82085 851511 688579 233786 202751 343921 142368 12904 395061 993920 449079 542755 920010 257938 703074 723481 444866 938980 956768 124652 743461 967946 301008 47852 167994 862245 620916 575070 390988 42666 514543 567544 795496 413601 476295 559714 556316 10211 230755 24181 973882 415899 702476 288831 246674 713670 890160 489085 306875 721650 793242 615328 588682 456706 52411 53960 852504 378919 197156 445515 235903 969768 670281 3566 634973 735963 925054 793450 866064 712873 937725 269480 316792 50509 687326 615301 421176 392405 357533 933070 668917 524127 962072 19780 934868 622685 87118 834969 20544 134801 168032 922225 367777 482385 982482 448162 355557 479043 183307 283955 978618 605665 304272 35808 175313 91318 576524 949460 360925 816287 437067 188972 824017 357451 435194 663610 87845 235451 621993 154368 785361 264322 226760 481136 745616 482629 213868 978418 2974 550011 24587 572254 941818 419949 590331 201341 180836 696375 857975 240779 32863 23237 743961 680056 603312 259350 842016 38178 872860 121148 66924 204763 754542 269850 588220 368169 677678 138020 493430 713472 626218 40481 646367 494602 793456 996652 571486 354527 709521 336430 965629 219852 172512 509413 207527 67152 589489 85664 801835 117210 924186 646273 273335 449868 330356 903481 22749 613754 296090 743054 364432 165099 442792 2455 470631 385494 417148 460222 59417 6118 297977 628541 265087 495543 644991 9889 358422 583766 135731 787146 61753 897155 845629 843432 39146 566322 77252 919743 277193 630853 418739 869923 925339 590035 325816 742332 717252 86180 556543 74179 907725 933747 831738 458819 811998 39402 324124 150232 68548 209384 320984 622578 570924 259390 274662 120595 
0.02302497121
1000
814359 715853 194159 217736 999364 908117 619852 598690 215811 722185 767424 384879 920036 844877 268971 932171 36196 986952 798845 520055 193336 915619 143354 671506 145282 747336 385655 34275 994905 905891 792794 84940 671046 15076 249117 442648 882049 412603 892298 888430 428855 534170 115968 325210 819335 728054 864108 371466 322431 589318 110609 249422 40675 839810 964224 20312 216231 831268 639584 558009 133935 115306 306406 945066 897621 737873 709469 887935 820131 209115 997088 346421 43284 135178 352474 164133 842519 216162 563276 750222 360715 139178 391751 446671 120964 154411 13869 889385 946628 782511 577012 247617 550722 993090 131234 637723 225894 846772 802641 536224 761098 993301 140716 845976 803706 390199 442352 594288 798324 279280 162156 997493 467241 364052 705344 460119 11961 443326 300193 922854 247802 451143 77267 54104 432754 458957 617389 200000 70616 712622 401560 727768 761174 636425 425232 286392 292233 212611 661025 489371 898303 964031 9706 71713 132919 621605 109853 389767 10916 500507 550076 417456 791082 775438 466589 63391 993567 779818 795047 982906 988939 775965 847506 682632 100968 857496 970986 63923 314785 410573 761868 94983 897430 283441 737639 649392 950999 865659 401084 561279 685668 888483 767582 614502 993075 580067 88819 220726 565161 542265 990320 546600 76191 948515 865887 893777 951902 348064 943004 668395 805475 306229 531411 123090 654683 75813 664580 939460 480999 679352 561535 256416 74649 531316 793896 830055 257397 663462 263347 213438 77680 397850 664872 590057 748916 16350 647264 743889 913562 702531 30021 346943 52845 971099 150038 168350 178989 669115 300064 48380 852745 15674 629701 379784 496163 564016 574648 456021 636368 370552 630335 486230 57173 130221 355375 686239 784362 848624 21299 673002 742074 284768 147269 24207 247969 5344 38067 511689 415276 965332 974171 183480 437532 841635 440302 578265 392099 150966 978032 897551 330916 970999 366838 382109 265334 691283 804006 888169 427106 91640 246906 700667 727392 514711 722749 642491 485214 998626 925579 409269 934136 330318 116053 112728 161280 267794 268122 518770 42551 626214 771247 348661 675857 875652 790200 383157 471797 591914 90667 722280 203066 988566 993427 171876 745259 796936 76427 889187 117571 149314 407615 507073 8753 452683 658094 691644 950229 352487 310058 298547 504193 570080 278549 857000 865272 371072 799653 25981 868401 614548 988960 536314 702548 429802 323552 53765 729147 647187 30096 762407 982898 369057 402989 969805 628152 975465 958150 130309 367675 38594 70780 530172 681183 625860 583170 488454 614199 512394 188829 818902 34250 462064 872932 816256 685135 30868 965376 5118 45808 460888 28397 556584 468363 290974 320503 120954 283243 678602 76349 131281 121619 699588 553905 460973 5363 350963 829078 101041 240304 632386 960000 513694 673568 728541 880279 177947 604555 826485 520787 414895 774443 734327 425089 653572 27564 468889 808636 764454 172844 237965 890100 545602 123195 269067 971242 767143 183580 840843 295537 669575 34690 8840 796654 215542 257171 839037 11865 974890 488104 221099 512058 148153 242314 189457 960364 799133 954102 225458 278044 213747 280602 182354 596362 670774 187093 594041 643078 964040 685114 805614 407988 448554 536333 599100 603208 429311 534851 729456 553098 613452 170630 875736 815699 875450 562095 220549 174478 603154 222282 625929 680503 224447 871893 525177 150238 681295 799104 306284 449253 491186 747181 386746 587133 424185 710129 965630 301165 362263 984081 979092 882570 771683 399429 916698 999935 560596 40121 211762 274055 74307 453446 969982 969453 314284 796221 332451 927314 701164 172828 917446 536679 282628 120533 524561 936238 833556 512206 719662 594301 777568 998811 846794 217018 587150 940870 531539 434975 597286 775687 307386 222135 443856 982156 605426 620767 986649 176882 645358 2181 459885 660937 948582 930476 691870 751379 98514 413798 325787 228036 286701 506647 71545 596355 145331 678136 68526 329000 501346 921362 489616 425595 954876 797246 344025 662459 161859 187947 276006 36948 822780 519895 139507 586407 283436 48724 222304 301509 905693 262661 641262 328628 477529 373150 254530 380712 953965 681254 508897 713994 505831 91128 181490 94324 933272 39741 889983 94131 106195 244595 680563 698051 689323 650921 190684 428310 458040 88128 292074 186509 124690 859115 161774 99516 642708 635823 933467 507626 234650 358435 220936 417998 913795 261616 642476 742291 638063 536338 698144 236180 685441 583317 31264 664544 652381 351577 52362 878518 919339 731534 157276 223242 35922 531000 782521 624318 403645 674347 420133 389737 417241 139919 659332 41747 346388 996701 808222 399606 335071 542879 644574 858558 256749 481779 649933 829513 75633 995401 193307 834728 958499 759072 418646 926236 292731 501452 720433 319065 516212 245938 37310 887109 143050 951754 381428 696825 660348 349596 973545 799807 703498 76099 657815 897490 521079 94380 894683 519008 137927 875415 508209 166283 227714 628309 235641 478755 285423 63303 611637 592173 23513 541413 968840 786910 173645 571764 976887 403168 351193 100494 507371 335436 897038 843614 735469 165358 46015 492832 641640 439876 981311 577317 650091 899966 997094 245452 542244 221951 186892 748298 545253 87898 181452 530403 758561 703061 327170 987246 221103 612201 729229 224852 438598 466303 312397 463056 413439 996916 306661 799664 637590 80277 828090 805330 717289 309411 282481 287335 100982 916816 672948 210612 484449 637184 935086 595723 967595 879496 678026 590870 746683 764402 64567 487308 912857 933239 294118 199289 171501 635586 884874 970618 625412 850291 354326 431806 778635 842713 974978 230790 329745 909751 578950 236004 558409 275647 618717 202175 415109 831641 751363 247502 69499 685085 86711 520984 618308 326420 808441 990778 29911 170554 317388 735392 922194 191550 65077 548553 818609 470016 710585 481863 679380 718098 460066 719996 643453 936248 174075 370846 577423 277031 882831 780980 871184 269320 805997 261335 951527 688118 340902 346865 729502 697595 520525 540096 417312 525079 926069 872723 69756 836601 192502 597963 784095 421187 957033 615067 429533 143689 559526 409865 54249 682130 351116 750058 799704 652245 755001 767273 603362 241085 762957 665024 168224 448933 896492 327932 859662 619100 448056 990909 117898 835938 318938 158899 933715 504040 98233 552546 324938 579732 775488 744990 291380 385722 283292 127951 559093 250275 100860 364142 597461 216777 553167 353605 708607 728601 565320 125363 532157 729647 642077 957797 41789 53661 279939 312605 547662 473891 956339 15279 715555 421304 982760 973950 206990 338495 594590 467267 935493 26066 144852 788422 101601 456379 372938 439970 905178 816821 49475 662725 862539 193839 296580 380205 776499 598792 943379 773547 629133 534751 365527 375306 899706 990752 298187 286691 684398 647389 995769 951121 60455 370883 870262 10785 65182 695053 85806 603016 351236 
717533 460358 745615 240509 449112 659856 334261 428581 904936 945134 15720 524770 23849 951892 980483 90349 871425 61386 41865 61556 818339 321144 179687 136995 139720 295068 118775 667678 914037 720592 939896 427778 238905 431046 218776 914217 882797 28173 220844 215908 566004 575883 909748 662912 15098 682882 95834 227588 363255 824141 765681 594671 675307 896737 378359 20540 366433 237583 851861 291999 549293 1854 570907 328390 335344 579442 352071 602394 747664 199242 609532 197117 829058 698619 570445 298892 893122 585240 807217 172445 237335 394955 953677 277695 471890 45786 342256 406334 695885 722404 362768 952797 417645 734371 50959 297755 860769 982954 956025 705457 211362 432998 351109 695952 944115 142623 360018 110373 200417 286517 960809 186711 375426 755429 231999 956485 718135 304322 497329 617225 552619 522558 795847 591481 187347 188641 9587 507426 337965 405646 66065 513294 400131 298179 845542 572221 733799 97814 247203 734188 775222 211706 558753 613523 906071 938362 85220 262432 749115 89338 62618 3071 667036 940475 14427 968979 876863 645462 438760 83771 137652 308733 134701 376912 703954 581694 487616 66851 730237 668289 88098 833857 145314 453895 358843 454768 462839 280939 611359 994097 109245 883554 156813 897662 553088 826236 575276 845130 942291 25634 51597 444421 495765 960920 643694 201943 207344 846906 630643 354339 797334 165952 359661 390851 498373 966779 279700 466575 895234 130583 376718 271639 709407 872857 906536 93734 660662 728353 639385 996287 555820 808806 864835 21985 787185 190718 521715 845765 219965 150229 322974 809500 74898 307762 182372 997587 883006 307959 291343 511248 334167 389024 527186 176628 985790 389248 392843 927256 660511 202889 106499 718290 787821 306882 750314 309615 382952 205904 531037 934584 449240 726767 399074 752687 375440 316600 730152 955920 437294 540571 176650 361874 161047 476323 352202 615590 413309 806455 468631 559668 403866 124308 398537 36834 692532 455509 890082 941006 698521 702126 910668 420625 756450 997802 506911 876603 288369 409394 576601 697499 233524 685702 581989 926902 233313 100419 105175 734349 759098 241053 446956 418457 302025 867236 786892 919568 264674 829313 4297 896031 243749 326071 537567 657391 201978 547300 6260 413218 933077 574399 814039 238548 412081 463961 971458 633052 628055 962974 858329 72458 919510 157203 660266 57704 707657 261015 335916 359099 266966 560739 548162 355265 445675 591308 827959 280435 412417 354877 188866 204290 739547 866559 690625 858394 153541 424307 66495 6179 707478 270740 581295 170301 948144 358648 923248 405889 454461 545997 651913 712453 444913 227933 263403 196502 923980 534220 574964 475388 883991 481430 467624 61051 975971 926612 405815 747022 652495 460149 443836 796012 538945 248647 705082 14405 634665 818925 317534 433667 947587 651687 953986 591307 579795 999055 51621 9339 637352 469784 173493 600555 705947 142031 305863 740078 303887 436508 587419 941776 249712 163647 782362 749783 669558 843925 7897 870019 241953 931538 429078 659855 543227 280389 81207 943280 412571 261977 267600 947987 802654 356624 232411 229472 56750 67976 148351 946683 982205 543863 796171 749439 696840 665392 170169 93251 869781 530078 855533 435543 310391 598342 874678 946565 380871 992583 403401 200338 536810 477722 883531 905915 881231 229203 443141 31675 120239 321504 641455 52609 262285 477447 195559 392060 612150 665129 609592 464401 682560 236483 410774 547744 267660 737898 281182 328772 439301 614156 472024 618257 64415 617395 73206 175894 723547 435522 31764 557083 905408 981431 338680 939361 784737 197098 929041 752614 839899 496906 647865 652640 326997 345124 582900 496255 876735 82973 70191 649389 176085 965492 705476 617807 678620 273795 52659 850114 715553 745725 336744 309536 420734 634287 80889 843259 232662 300096 433574 213598 778710 548786 493145 274321 505652 525537 495270 921555 136561 430720 146377 967135 809048 43233 363564 447785 139646 742059 889824 254752 861378 331619 35552 887467 686732 350822 25427 555054 19343 412906 107721 144516 999112 939010 517818 351876 180862 826201 660300 34813 439170 796467 38476 64251 730286 523889 876529 202626 530472 520267 701469 542863 507997 682517 464221 250204 684808 918972 251814 457755 134250 388424 883352 514999 182929 677530 50940 182104 960339 833068 737927 643229 277585 823957 747671 563489 562167 687428 659442 841720 569720 66498 139276 419825 235155 810226 69439 51411 595282 45842 16337 17121 56200 890489 635572 640472 162512 247513 172415 559022 229778 502780 485111 693458 144767 648263 597706 661296 698706 179067 117648 367084 566542 524913 812234 543459 870916 874012 18981 294383 586188 914248 681333 12257 504712 816606 496252 53447 20198 377887 279970 580197 829340 63014 674364 457021 434284 178665 988615 568393 266911 158326 268395 551805 958987 322744 645370 893192 57999 160112 362928 792849 211348 512062 129842 800635 931467 206039 5777 925603 353011 399374 527046 29662 764561 620237 334133 397310 662839 154330 341484 919372 828224 835349 4450 23052 592463 572790 396794 428349 592917 997585 934975 117144 457354 28691 18471 355918 46193 920707 233810 295373 695702 791556 229706 377017 304528 769167 958211 129524 47361 587259 175769 504152 598034 845431 326742 634233 967226 895884 856363 297253 185078 446941 739123 313189 432527 475303 868469 693051 180761 713347 91105 133732 494576 764385 79055 516629 401914 942349 455237 931392 51113 206956 828591 903054 405304 43516 578726 773475 225963 179673 104556 720990 570449 474164 592812 106840 123011 692316 125820 196962 458788 199287 257499 928073 272352 96134 191861 959507 434863 343206 99932 59393 153552 128844 175758 960077 202960 169606 290036 543019 724867 77502 452958 362569 528839 864823 771785 331984 856261 325904 543195 305826 901553 215486 268259 424412 343815 456723 646555 830675 532366 521083 773479 484952 687318 459003 740054 741558 220283 319667 636317 809520 246689 959963 961313 17925 739383 205318 944107 425774 831670 93667 851059 581596 404833 17785 602135 469436 820613 922088 308386 286516 508919 948012 623880 370725 349914 286171 55974 653161 215128 934627 639172 641619 280934 319119 87124 308660 990594 506113 975090 631250 776822 921206 12259 135088 553940 865415 607640 527242 454265 621092 525482 835735 317260 982744 80861 679431 749821 28298 585246 238469 917192 464056 302407 553012 560498 363771 9944 533107 424840 408455 184893 619931 219940 15017 118604 987389 891433 476425 300229 746854 931844 24424 793938 433116 953771 672992 258054 842911 209055 682728 307040 488747 54763 613327 102854 779954 534628 649150 473740 551845 875752 131193 927981 83433 502433 773596 321870 655011 957633 903071 63103 769839 526213 751571 163003 58658 522228 395876 677028 445715 175864 799459 95047 713045 237054 791690 688856 66369 282738 772326 112362 369666 176547 490769 142628 850033 94944 951414 586448 647194 
0.01302497121