2 6 10 8 6 7 9 4
1 7 16 6 4 2 5 8
3 7 8 6 7 6 14 8
12 7 15 4 11 3 13 3

12 6 14 5 4 5 6 7
15 1 11 3 3 7 7 5
10 3 8 2 16 6 1 1
5 8 2 7 13 6 9 4

답 55 또는 76

7 6 2 1 15 1 9 1
3 1 1 1 14 7 10 3
6 1 13 6 4 3 11 4
16 3 8 7 5 2 12 2

답 42

7 6 2 6 15 7 9 3
3 5 1 4 14 1 10 6
6 4 13 3 4 6 11 1
16 5 8 7 5 2 12 2

답 88

7 1 2 6 15 7 9 3
3 5 1 4 14 1 10 6
6 4 13 3 4 6 11 1
16 5 8 7 5 2 12 2

답7


(0, 0)에서 (1, 1)로 이동했을 때
[6, 9, 10, 14]
[16, 0, 0, 1]
[5, 2, 13, 8]
[3, 4, 11, 15]

3 +3
4 +4
6 +2
8 +2
11 +3
14 +2
15 +1